28 .01963
28.528 .02002
29.192 .02053
29.684 .02100
30.037 .02151
30.834 .02191
31.293 .02233
31.820 .02278
32.121 .02325
32.730 .02377
33.202 .02428
33.879 .02465
34.268 .02506
34.806 .02552
35.142 .02612
35.524 .02660
36.091 .02687
36.354 .02732
37.067 .02793
37.419 .02826
37.882 .02891
38.134 .02921
38.767 .02961
39.125 .03029
39.458 .03051
39.595 .03098
40.061 .03137
40.238 .03179
40.621 .03219
41.166 .03262
41.513 .03307
41.918 .03345
41.952 .03403
42.263 .03447
42.589 .03476
42.745 .03513
42.985 .03558
43.393 .03609
43.534 .03646
43.970 .03653
44.102 .03694
44.503 .03731
44.663 .03766
44.701 .03812
45.138 .03840
45.323 .03858
45.324 .03903
45.462 .03940
45.818 .03954
45.739 .04013
45.930 .04011
45.999 .04076
46.512 .04070
46.602 .04128
46.761 .04157
46.933 .04187
46.912 .04205
47.089 .04229
47.008 .04247
47.111 .04277
47.485 .04272
47.498 .04312
47.646 .04333
47.840 .04369
47.873 .04373
47.926 .04389
48.016 .04420
47.977 .04422
47.926 .04435
48.199 .04468
48.166 .04483
48.331 .04491
48.615 .04514
48.380 .04530
48.357 .04543
48.526 .04561
48.590 .04589
48.825 .04585
48.827 .04629
48.988 .04641
48.979 .04633
48.900 .04639
49.144 .04660
48.870 .04687
48.840 .04689
48.913 .04707
49.261 .04705
49.169 .04720
49.056 .04713
49.257 .04744
49.116 .04728
49.415 .04760
49.321 .04777
49.317 .04751
49.304 .04782
49.492 .04765
49.384 .04802
49.272 .04779
49.310 .04827
49.749 .04795
49.743 .04841
49.660 .04840
49.463 .04836
49.830 .04851
49.753 .04858
49.739 .04871
49.622 .04842
49.550 .04864
49.477 .04845
49.891 .04875
49.683 .04858
49.569 .04882
49.633 .04886
49.781 .04885
49.592 .04892
49.941 .04908
49.902 .04913
49.892 .04902
49.759 .04911
49.865 .04930
49.852 .04894
49.893 .04897
49.619 .04898
49.792 .04929
49.612 .04920
49.845 .04941
49.770 .04938
49.683 .04924
49.669 .04954
49.916 .04950
49.714 .04928
50.095 .04935
49.929 .04934
49.817 .04929
49.943 .04930
49.664 .04971
50.135 .04948
49.902 .04947
50.056 .04966
49.710 .04959
49.915 .04980
49.920 .04973
50.147 .04960
49.967 .04956
49.921 .04988
49.821 .04976
49.856 .04989
49.953 .04949
49.915 .04986
49.708 .04977
50.163 .04981
50.198 .05004
49.820 .05009
50.027 .04976
49.804 .04998
50.086 .05016
49.891 .04990
50.080 .04998
50.113 .04997
50.134 .04990
49.804 .05021
50.208 .05014
49.865 .04981
49.769 .05025
50.027 .05019
49.935 .04989
50.165 .05017
50.154 .04980
49.909 .05025
50.226 .05008
49.895 .05008
50.008 .04980
49.878 .05020
50.218 .04976
49.832 .04987
49.772 .04982
49.968 .05014
50.246 .04985
50.196 .05021
50.124 .05008
50.195 .04977
50.197 .04975
50.009 .04978
49.908 .05005
50.136 .05015
50.081 .04987
49.937 .05017
49.797 .04978
50.123 .05015
49.881 .05021
50.218 .05014
49.870 .05010
49.811 .05017
50.166 .04977
49.827 .04985
49.840 .04981
50.050 .05000
50.187 .05012
49.848 .05007
49.905 .05018
50.139 .04983
50.236 .05012
50.000 .04985
49.822 .04989
49.757 .05010
49.865 .05024
49.816 .05006
50.089 .04978
49.811 .05006
50.003 .04977
50.097 .05019
50.041 .05010
49.850 .04984
50.152 .04980
50.108 .04984
50.119 .05024
49.816 .04998
49.812 .05014
50.214 .05007
49.949 .05004
49.900 .04982
49.994 .05022
50.081 .04990
50.228 .05004
49.893 .05010
50.212 .05007
49.762 .05022
50.028 .04982
50.067 .05000
49.803 .04995
49.820 .04999
49.960 .04981
50.233 .04982
50.048 .04989
50.217 .04990
50.152 .04996
49.984 .05006
50.142 .05007
49.759 .04996
49.805 .04995
50.165 .04986
